-5.000000000000000000e+00 -2.893411171335968035e+00
-4.473684210526315930e+00 -4.491465866607391000e+00
-3.947368421052631859e+00 -1.194424385310574266e+00
-3.421052631578947345e+00 -1.154853650908905127e+00
-2.894736842105263275e+00 9.778799345760291750e-01
-2.368421052631579204e+00 3.458443003097352086e+00
-1.842105263157894690e+00 4.891102681827671717e+00
-1.315789473684210620e+00 5.191557153451421769e+00
-7.894736842105265495e-01 6.803452290667169500e+00
-2.631578947368424792e-01 8.377584188131239173e+00
2.631578947368415911e-01 1.050795357415534070e+01
7.894736842105256613e-01 1.487661120193025610e+01
1.315789473684210620e+00 1.512715081858424604e+01
1.842105263157894690e+00 1.420916390212011926e+01
2.368421052631578760e+00 1.617107406252198487e+01
2.894736842105262831e+00 1.690970241833008814e+01
3.421052631578946901e+00 1.967035852105605187e+01
3.947368421052631859e+00 2.279663740539306716e+01
4.473684210526315042e+00 2.444324090661323368e+01
5.000000000000000000e+00 2.361418530630408696e+01
